1100 11000 1111100011 111

0111110110 11011. 1111000 0001111111- 1001, 1 1110110 11101110, 1101111 111110·
110 Torrentius 011 unu 0101101111οι 1100 1111100 mutu contumatiam 1111
dun 1110 1101111111 0110 1111111101. 10 10101. 111100 111101 pru 1101110 00 111-
10111011011110 000101 1111110. 1010011 1101111001111101.1011111. 1111110111
0101111101 Bellium, 11000 1110 Genu 1110] 11011100 00111, 010101 mur·
’ 1100110111 010011. 01011101 1111110 01010.

1101111οἰ 1101110101 10, 0110 0101100 11 11110101] 110 0000 1000111. Νί-
1111111, 0111 0111111. 0100011011]111111111010101011,111000

0 001110 111 11111010] Suu 101001110- 010110 101111010000000 0110, 01 ¹ 01010
000100100100000101100110 0011001 1111001’ 01111. 1110111110011010-
10 11111100 1111010, 10 011,10 1000 011. sut. ux. ’11111011 00110 00001-
0010000111011010111 1100110010 rennu- 10101110111110000101101011110110111·
10,111101010. 11111 0111111101 11101Ρο1110.’ Aun-

1 1111111]11οο 011 1101111101, 0001 101010010110010111100 100101, qun
101011110000111111101111, 00111111 fe· 11 ‘bonu 11111’ appellatur 10111 Nu·
00111. 11111101010111111010 1101· 0101011011. 1111011] 00100110 00-
111110 111100 100011001100001111111- 0010101010. virg. ’0010110ομ 001
001011 000 111110 01 0011101001, 11111111 0101, 11111 1101 10011 10001010 eut!
0001 1010111110 111110. 11111011. 11 110111 10110] 11101 11111 1011 101.

0 1111111011 11011] 1111000. 110111. 1110110101 111001 1101, unguenta, 10
111011.11100101,01110011.1.1. 11111· 101001 (1111111 10101100011111 01011101
1101111011]11100 01111010, 01 10101111· 0001111110011111110111101. 10110111.
11010,110111 0111 Falernum 10101011- [00011111. Huc 01111101...Μο 10110]
011111111 011111 1101110 reconditum, 10 nun 110] 111101 110 1101111111, 01
1100001010 0001101011 110101011 ln· 10110 1111101111 1111100101, 11 dnm
10111110,10111011011, 0111011001110· Puruae 111101 1111100101,11011010 1111
11101 1110100100001. 010011011111, 110οο 01001001 01011101

0 0101101110] 1111101000 10111, Qun. minentur.
Ι0111110101]101101111111101. ,11001111 11 010001010111110000010001-
1101111111] Ρο11011111001,00]111’100001 0100101111111,11 1 11111 0111010111
101010 00011101. 11000011011111111.

10 001111] 01001110, 10 011, 101011, 18 1110111 11111111]·11101 1. 00. 1.
111010 (1100011000 01011010 000 1111· 1101111 10011] 1110111101 ‘lavere' 11
001. 011111] 11010111 0001001101 ’1111101’000 ’111111’110110001111,
’ 11101 1111101 10 000110110111111110, 110000101111,11 11110011οο 01001-
1111011110100111100111111101111110110. 1011. [0010101000. 11111001, 111-

110101001001101]1111011010111110 uun]
100011000111010101110101,1001 10111 1111111111] 1110110111 001·
11011101 1111111 1010001101 0111 undu 00111111 1101111111 01111110111101111·
11 ι1011111011 11111111οῶ 11100101 111101.

111111110 0110110 1110 110001 11101, 0110 11 111100] Α11110101111010.
obliquiu 1111111· 0111110, jucundiorum [10 0111101111ιο (1111111111
reddit· Tm& [3111111οο01οω 11 0101111]Αο1111111010000,11
(1001110. 01110000.111..11001111101111 1011 00110 nudo 11101111. Subdu] 011-
1111111110*οι ⁹⁸5³] . 10101000110101010111111010110011,

111401111οΜ11]11001110110101’ 0010 01 11010111 exemplari· 11ιο 0110
10011 quonum: 11ου 11011111 fluu- 0101101. 1011111.

1001111010,11 111110 011111 01011001 01 victu-unul] 1011111001 11011-

fertur, 0000111111 1111011. ι111111· 111Ρ11111101101011001,10111,110101
11111’1011010101011011111100101110· 0101110101. Nu 0111010110 01111] 110

 

